IID	FID	PC1	PC2	PC3	PC4	PC5	PC6	PC7	PC8
C001	C001	0.0315027	-0.0145733	0.000667931	-0.0378934	-0.00201907	0.0329044	0.0321763	0.039181
C002	C002	-0.0377139	0.0254643	0.049014	0.00153256	0.265955	-0.0117792	-0.00151665	0.00712238
C003	C003	-0.0580444	-0.000379286	-0.0128765	0.00185052	0.102548	-0.00136115	0.00679616	0.00643055
C004	C004	-0.0650006	-0.00907266	-0.0367389	-0.000691295	0.000406732	0.00524822	0.00146894	-0.00358443
C005	C005	-0.0540517	-0.000956036	0.115229	-0.00539803	-0.0319934	-0.00266401	-0.00266386	0.00209218
C006	C006	0.0322012	-0.0165839	-0.00201258	0.0268102	0.00482835	0.0114931	-0.00591504	-0.0010244
C007	C007	0.0323891	-0.0165471	-0.00150613	0.0274148	0.00429078	0.00939746	-0.00517355	7.81989e-05
C008	C008	0.0315584	-0.0122434	-0.000388651	0.0482302	0.00569294	0.00313113	0.0529905	0.000788879
C009	C009	0.030618	-0.0196376	-0.00130784	0.0215249	-0.00181049	-0.00537013	-0.111884	0.140392
C010	C010	-0.0527186	-0.00434582	0.102592	0.000279434	-0.0390704	-0.0024591	-0.00916218	-0.00148169
C011	C011	0.0214098	-0.0200008	-0.00901401	0.0926261	-0.0170133	-0.0350194	-0.0757717	0.0222772
C012	C012	-0.0666029	-0.0131607	-0.06623	0.00204732	-0.0234419	0.000235067	-0.00495982	-0.00452973
C013	C013	0.0141627	0.145883	-0.0131832	-0.0089718	-0.0282594	-0.00574948	-0.0159335	0.0126622
C014	C014	-0.0578147	-0.00921499	-0.0100118	-0.00354146	-0.0185434	0.00311377	0.00085501	0.00998066
C015	C015	0.0153128	0.150233	-0.015589	-0.00786839	-0.0333562	-0.00431425	-0.00377548	0.0190601
C016	C016	-0.0693584	-0.0123127	-0.0753173	0.00180234	-0.000233098	0.00197447	0.00467163	0.00376637
C017	C017	-0.0687478	-0.0115078	-0.0458712	-0.00051967	-0.00983463	0.00154826	-0.000634564	-0.00552918
C018	C018	-0.0687972	-0.0122062	-0.0643036	0.000210251	-0.015981	0.000638678	-0.000807296	-0.0065394
C019	C019	0.0346157	-0.0229962	-0.00507435	-0.0675565	0.0031904	0.0478405	-0.0817911	-0.00706197
C020	C020	0.0340038	-0.0210124	-0.00477954	-0.0702535	0.00470463	0.0551765	-0.0861952	-0.0100746
C021	C021	0.0340304	-0.0197452	-0.00396888	-0.0418519	0.00512762	0.0421646	-0.050388	-0.00701581
C022	C022	0.0306387	-0.0160595	-0.000214214	-0.0465523	0.00532959	0.0199903	0.0080196	-0.0380749
C023	C023	-0.0660878	-0.00941967	-0.039848	-0.00172438	0.00609377	0.0053244	0.00546415	0.00804326
C024	C024	0.0289221	-0.0224145	-0.00341126	-0.0634902	0.00390259	0.0427108	-0.065634	-0.00716447
C025	C025	0.0273516	-0.0165313	0.00176829	0.0333528	-0.00458802	-0.0180391	-0.0325401	0.0899502
C026	C026	-0.0693826	-0.0133365	-0.0732615	0.00135619	-0.0212781	0.00109747	-0.00180052	-0.00582449
C027	C027	0.0285316	-0.0145555	0.00418993	0.022162	0.000625964	-0.00428506	-0.034813	-0.00292905
C028	C028	-0.0669407	-0.0122871	-0.0593536	0.00103849	-0.0150031	0.00140109	0.00129346	-0.00565953
C029	C029	-0.0537882	-0.00904473	-0.000805574	0.00362206	-0.013722	-0.00392422	-0.00687844	0.0122002
C030	C030	0.0313801	-0.0175987	-0.00352654	0.0300768	0.00563452	-0.00254192	-0.053363	-0.00459105
C031	C031	0.0318921	-0.0187679	-0.00457113	-0.00802721	0.000703142	0.0131121	-0.0513416	-0.00758972
C032	C032	-0.0676929	-0.0108907	-0.0559281	-0.001169	0.00760466	0.00361561	0.00867157	0.00550657
C033	C033	0.0340058	-0.0205175	-0.00350776	-0.0792117	0.00225761	0.0610371	-0.065778	-0.0269372
C034	C034	-0.0677928	-0.0105656	-0.0619127	-0.000564724	0.00935044	0.00468721	0.00914674	0.00684758
C035	C035	-0.0667729	-0.0107317	-0.0545813	-0.00136801	0.0122517	0.00599028	0.00590774	0.00557758
C036	C036	0.0321514	-0.0109946	-0.00135458	-0.0236119	0.00138209	0.033114	0.0117898	0.00340724
C037	C037	0.0346011	-0.0188006	-0.00583405	-0.0544798	-0.00315447	0.0337876	-0.0810013	0.0119566
C038	C038	0.0330898	-0.0184112	0.000380942	-0.0269801	-0.000555215	0.0229496	0.0228291	-0.0101224
C039	C039	0.0338428	-0.0232974	-0.00650334	-0.0682037	0.00204827	0.0329285	-0.103471	0.0251168
C040	C040	0.0341717	-0.022766	-0.00584489	-0.0652882	0.00213152	0.0315802	-0.10363	0.0302153
C041	C041	0.0333606	-0.0198062	-0.0018904	-0.0372222	0.00335926	0.0365146	-0.0405226	0.0271836
C042	C042	0.0322158	-0.0199394	-0.00297649	-0.0112304	0.00580199	-0.000739446	-0.0933981	0.111551
C043	C043	0.033678	-0.0212825	-0.00437466	-0.0204126	-0.00146275	0.0202482	-0.0746061	0.0201079
C044	C044	0.0251454	-0.0108318	0.000923071	0.0583571	-0.000752463	-0.0159886	-0.00692513	0.0318795
C045	C045	0.0334553	-0.0173693	-0.00207264	0.0445596	0.00152219	-0.000726255	-0.0244806	0.0384308
C046	C046	0.0306759	-0.0178762	-0.00298146	0.0256188	-0.00119611	0.00032715	-0.0120753	0.00220542
C047	C047	0.0327586	-0.0179271	-0.0033468	-0.0746343	0.0075561	0.066807	-0.0318247	-0.0532561
C048	C048	-0.0688119	-0.0128706	-0.0755838	0.00243192	0.000580843	0.00236411	0.00373723	0.0047918
C049	C049	0.0271028	-0.0189769	0.00558183	0.0324396	-0.00496062	-0.00280729	-0.0277656	0.00819391
C050	C050	0.027433	-0.018673	0.0040063	0.0749221	-0.00922742	-0.0138504	-0.0406609	0.0517433
C051	C051	-0.0259262	-0.0119708	-0.0330653	0.0297195	-0.0157243	-0.00796134	-0.0160052	0.0290833
C052	C052	-0.0686119	-0.0130504	-0.0695617	0.00163853	-0.0147982	0.00144607	7.22053e-06	-0.00519086
C053	C053	0.0238974	-0.0141749	-0.00113711	0.0230638	-0.0080559	-0.0130403	0.00802966	0.0270803
C054	C054	-0.0652121	-0.0134175	-0.0748683	0.00117455	7.39982e-05	0.00130736	0.00601239	0.0126225
C055	C055	0.0320263	-0.0198047	-0.000564175	-0.0550749	-0.00458389	0.0507198	-0.0211804	0.0055928
C056	C056	-0.0685038	-0.0126871	-0.0651793	0.00171469	-0.0192766	0.000886406	-0.000103792	-0.007962
C057	C057	-0.0614217	-0.0088409	-0.0129359	0.00208443	-0.00634943	0.0031219	0.000630013	0.00537041
C058	C058	0.0341116	-0.0226504	-0.00522427	-0.0659647	0.00167162	0.0333951	-0.104262	0.0287278
C059	C059	0.0335617	-0.0224778	-0.006446	-0.0597627	0.00198539	0.0293784	-0.0485986	-0.00954359
C060	C060	0.0337839	-0.0215708	-0.00356618	-0.0415959	-0.000404049	0.0209593	-0.011698	-0.00042724
C061	C061	0.0326927	-0.0157011	-0.000462107	0.0693508	0.00190728	-0.000136061	-0.0232548	-0.0010654
C062	C062	0.0298941	-0.0198213	-0.00441254	-0.0524062	-0.00113851	0.0231936	-0.0365341	0.0425241
C063	C063	-0.0669993	-0.0139012	-0.0708992	0.00383963	-0.0193604	0.000709894	-0.00107108	-0.000903035
C064	C064	-0.0677809	-0.0132404	-0.075034	3.61202e-05	-0.00337589	0.00172232	0.00485676	0.00447389
C065	C065	0.0322582	-0.0170641	-0.00283706	-0.0130706	0.00189623	0.0181794	0.0725302	0.0607644
C066	C066	0.0299011	-0.0112105	-0.00497598	-0.0344422	-0.00471403	0.0237105	0.032226	0.0484965
C067	C067	-0.0668136	-0.0130666	-0.0728338	-0.000292858	0.00224621	0.00257936	0.00807603	0.00688849
C068	C068	0.0297085	-0.0165233	-0.00179562	0.0979814	-0.000976198	-0.0200897	-0.0587533	0.0251886
C069	C069	0.0318469	-0.0134425	-0.0013909	0.103533	-0.0071476	-0.0128291	-0.0354979	-0.0074006
C070	C070	-0.0690874	-0.0130211	-0.0672902	0.00107805	-0.0205074	0.000587328	-0.00124126	-0.0051171
C071	C071	-0.066612	-0.0124715	-0.0687786	-0.000514387	0.00360115	0.0034122	0.00745383	0.006591
C072	C072	0.0327355	-0.0189443	-0.00446792	-0.0496341	-0.000202132	0.0510474	-0.0256428	-0.00481697
C073	C073	0.0335427	-0.0159959	-0.00316024	-0.036561	0.000141188	0.0360805	0.019	0.0249475
C074	C074	-0.0653678	-0.00812244	-0.0151123	-0.000366504	0.0184649	0.00361711	0.00937103	0.00408754
C075	C075	-0.0667733	-0.0129362	-0.0716737	-0.000268984	0.00408177	0.00290643	0.00868975	0.00682847
C076	C076	0.0318623	-0.0173279	-0.00243206	-0.0301965	0.00469983	0.0584497	0.0111499	0.0475699
C077	C077	0.0318953	-0.017352	-0.00235746	-0.0302724	0.00467601	0.0584912	0.0109261	0.047513
C078	C078	0.0291838	-0.0133711	0.00347523	-0.024529	0.00335947	0.0462559	0.0486619	-0.040115
C079	C079	-0.0658184	-0.0111897	-0.0474213	0.000403513	-0.00435533	0.00455178	0.00128096	-0.00681774
C080	C080	0.0326622	-0.0179407	-0.00343947	-0.0745761	0.00749848	0.0666926	-0.0316385	-0.0534399
C081	C081	0.0318302	-0.0173331	-0.00241948	-0.0302837	0.00467922	0.0584714	0.0109878	0.0475634
C082	C082	-0.0680734	-0.0112516	-0.0684606	0.000571333	0.00954885	0.00392543	0.0088723	0.00417554
C083	C083	-0.0576328	-0.0086114	-0.048753	-0.000220893	0.00200636	0.000300204	0.00388455	-0.0091535
C084	C084	-0.0587745	-0.00617324	0.0433157	-0.00334476	-0.00767309	0.00309724	0.00229393	0.00100747
C085	C085	-0.0636388	-0.00843939	-0.00541956	-0.00107231	-0.0119283	0.00356876	0.0010722	-0.00106726
C086	C086	0.0146362	0.103541	-0.00549211	-0.00772447	-0.0286797	0.00519963	-0.00850803	0.00805654
C087	C087	-0.0655602	-0.0126055	-0.0562224	-0.0016237	-0.0150094	0.00173791	0.00361563	-0.000880607
C088	C088	0.0309408	-0.00756802	-0.0015794	-0.045536	0.00124197	0.062164	0.0415941	-0.0679594
C089	C089	-0.0651036	-0.012823	-0.0701383	-0.00146968	0.00564571	0.00282356	0.0124732	0.012755
C090	C090	0.0308284	-0.0124572	0.00293991	0.0298125	-0.00787146	-0.0142369	0.0610555	0.0601825
C091	C091	0.0338322	-0.0192641	-0.00398853	-0.0655043	0.00617733	0.0599628	-0.00757187	-0.0557527
C092	C092	0.0338156	-0.0192591	-0.00400127	-0.065497	0.00618108	0.0599609	-0.00753387	-0.0557448
C093	C093	-0.0668391	-0.0111949	-0.0508269	9.91246e-05	-0.00707903	0.00251214	0.00344986	-0.00606312
C094	C094	0.0238195	-0.0124591	0.000123145	-0.0100801	-0.0102246	0.0133312	0.0881733	0.0807177
C095	C095	0.0326534	-0.00940572	-0.00259427	-0.0450668	0.000667993	0.0617462	0.0361748	-0.0724452
C096	C096	0.0289731	-0.0137572	-0.00300929	-0.0115619	0.0146869	0.0297721	0.103721	0.103286
C097	C097	0.0303386	-0.0161391	-0.000567799	-0.00776204	0.0020002	0.0396033	0.0724357	0.0760225
C098	C098	0.0286553	-0.0133045	-0.00483106	-0.0182376	0.012347	0.0150284	0.101799	0.0893038
C099	C099	0.0283151	-0.0133258	-0.00187647	-0.012313	0.0169164	0.0220176	0.10987	0.102152
C100	C100	0.0298564	-0.0131964	0.000353064	-0.00695578	0.00196307	0.0190051	0.115427	0.0912362
C101	C101	-0.0655506	-0.0105192	-0.0378598	-0.000551441	-0.00671983	0.00378675	0.00364982	-0.00362307
C102	C102	0.0287095	-0.0142404	-0.00505093	-0.00817387	0.00495655	0.018467	0.0994891	0.110789
C103	C103	-0.0639663	-0.0105103	-0.0369556	0.00060652	-0.00952608	0.00626595	0.0013717	-0.00294472
C104	C104	0.0327218	-0.0179402	-0.00338532	-0.0745844	0.00755352	0.0667511	-0.0317548	-0.0533566
C105	C105	0.0208353	0.0100796	-0.00431254	0.000597513	-0.00164774	0.0229756	0.00134821	-0.023602
C106	C106	-0.0663172	-0.0114318	-0.0457874	-0.000462837	-0.00999967	0.00336182	0.00243006	-0.00539613
C107	C107	0.0315984	-0.0131656	0.00180303	0.00670881	-0.00471482	0.0172812	0.11075	0.0569964
C108	C108	0.032713	-0.0179391	-0.00340293	-0.0746134	0.00754131	0.0667676	-0.0318153	-0.0533301
C109	C109	0.0296395	-0.0103729	-0.00136943	-0.0375746	-0.00377433	0.0168703	0.0136369	-0.0353294
C110	C110	0.0317707	-0.00882357	-0.00146842	-0.0443345	-8.66659e-05	0.0646055	0.0391692	-0.0569887
C111	C111	-0.0660558	-0.01023	-0.0394134	-0.00108189	-0.00609393	0.00372309	0.00369586	-0.00433488
C112	C112	0.03115	-0.0160709	0.000145865	-0.0467041	0.00543629	0.0201998	0.00809874	-0.0380116
C113	C113	0.0319727	-0.0158415	-0.00511605	-0.0111509	0.0015079	0.0248818	-0.0276795	-0.0543397
C114	C114	0.0323229	-0.0164896	-0.00306919	0.00508111	0.000824284	0.00825642	-0.0176142	0.0162875
C115	C115	0.0258344	-0.0165059	-0.00286001	0.0638349	-0.00477739	-0.0245101	-0.0562625	0.0243136
C116	C116	-0.0692709	-0.0128563	-0.0712405	0.00234923	-0.0211512	0.00121691	-0.00100726	-0.00507637
C117	C117	0.029434	-0.0128583	-0.00182415	0.00357118	-0.00324006	0.0199363	-0.0282123	0.0229981
C118	C118	0.0298078	-0.0131937	-0.000611758	0.0841741	0.00086742	-0.0199826	-0.0640872	0.0260919
C119	C119	-0.0414207	-0.0154442	-0.0546645	0.0192918	-0.0343508	-0.000380032	-0.0159861	0.00292069
C120	C120	-0.0693052	-0.0133385	-0.073463	0.000956734	-0.0205821	0.00132395	-0.00181292	-0.00684572
C121	C121	0.0311699	-0.018035	-0.00411189	-0.00158183	0.000237012	0.0148719	-0.0289927	0.0341931
C122	C122	0.0334298	-0.0222216	-0.00653512	-0.0609209	0.00276845	0.0339802	-0.0598354	-0.0110243
C123	C123	-0.053394	-0.00783478	0.0589068	-0.00455761	-0.00754971	-0.000146304	0.00699387	0.0134146
C124	C124	0.0170829	-0.0179703	-0.00553309	0.00505815	-0.00336026	0.0150377	-0.0437779	-0.0483464
C125	C125	0.0325458	-0.016604	-0.0050084	-0.0462852	0.000263343	0.0494797	0.00694864	-0.00653512
C126	C126	-0.0572921	-0.0131031	-0.0594528	-0.000603481	-0.0110205	0.000784907	0.00386378	-0.00813545
C127	C127	0.0308582	-0.0191803	-0.00375859	-0.0561793	0.00491291	0.0292849	-0.024057	-0.0349506
C128	C128	0.0334664	-0.0185712	-0.00477979	-0.0703178	0.00306833	0.0589382	-0.0126524	-0.0459644
C129	C129	0.0280249	-0.0121067	0.00120938	-0.00706643	0.0161922	0.0162688	0.121237	0.123595
C130	C130	-0.0668207	-0.0112053	-0.0508513	0.000109618	-0.00702934	0.00248907	0.00343477	-0.00614164
C131	C131	0.0319957	-0.0171526	-0.00257572	-0.0559186	0.0055993	0.0508542	0.0134546	-0.0438357
C132	C132	0.0309535	-0.0150052	0.00251185	-0.017506	-0.00552071	0.0297337	0.0478927	-0.0189685
C133	C133	-0.0657825	-0.0110812	-0.0466112	0.000325959	-0.00400177	0.00450337	0.000657505	-0.00703153
C134	C134	-0.0673671	-0.0120496	-0.0596596	0.00024288	-0.0119751	0.00153021	0.000922706	-0.00511838
C135	C135	0.0145364	-0.011896	-0.00592699	-0.0551583	0.0196932	0.0338298	-0.0154201	-0.0255278
C136	C136	0.0320867	-0.0145307	-0.00398858	-0.0502476	-0.00294516	0.0489489	0.00809299	-0.00925835
C137	C137	-0.0655107	-0.0102089	-0.0352446	-0.000703109	-0.00542313	0.00401994	0.00252514	-0.00384635
C138	C138	-0.0573784	-0.00805918	-0.0253379	-0.000206937	-0.00982889	0.00192891	0.00892908	-0.0106965
C139	C139	0.0141875	-0.0147615	-0.00523521	-0.0383155	0.0118404	0.0357046	-0.0157028	-0.0281677
C140	C140	0.0310837	-0.00793837	-0.00255753	-0.0411732	0.000289364	0.0488109	0.0344514	-0.0812439
C141	C141	0.0309064	-0.00764844	-0.00169315	-0.0458776	0.00091045	0.0621463	0.0418233	-0.0683456
C142	C142	0.0316172	-0.013168	0.0018436	0.00668585	-0.00472143	0.0173345	0.1107	0.0569402
C143	C143	0.0283478	-0.0123584	0.000994626	-0.0439611	-0.00270152	0.049073	0.032246	-0.066069
C144	C144	-0.0660086	-0.0116515	-0.0454448	0.000373287	-0.00834787	0.00455843	0.000789915	-0.00771341
C145	C145	0.0289378	-0.0224162	-0.00339305	-0.0635075	0.0039058	0.0427224	-0.0656125	-0.00717562
C146	C146	-0.0692444	-0.0131443	-0.0746218	0.00171081	-0.0201088	0.000157782	-0.00127617	-0.00616626
C147	C147	0.0282455	-0.0133577	0.00367391	0.0676791	-0.0136679	-0.0158342	0.0191909	0.0614371
C148	C148	0.0319462	-0.014768	0.000442772	0.0579033	-0.00847229	-0.00473779	-0.0426418	0.0190285
C149	C149	-0.0652758	-0.0131545	-0.0737074	0.00322542	-0.0109976	0.00207767	-0.00120551	-0.0067876
C150	C150	-0.0692972	-0.0132603	-0.0719645	0.00177087	-0.0214036	0.00136175	-0.0024233	-0.0054453
C151	C151	0.0336219	-0.0176946	-0.00816247	-0.0501198	-0.0033706	0.027846	-0.0914486	0.000893555
C152	C152	-0.0533369	-0.0119004	-0.0369493	0.00319508	-0.0139112	-0.000219122	-0.00692401	0.00233367
C153	C153	-0.0571415	-0.00349959	0.106705	-0.00598869	-0.0368214	-0.00203134	-0.0067194	-0.00335135
C154	C154	-0.0688899	-0.0123822	-0.0702561	0.000603308	-0.0130679	0.00335356	-6.79078e-05	-0.00655545
C155	C155	0.0324206	-0.0231199	-0.00620195	-0.0633456	0.00115568	0.0490029	-0.0678052	-0.0343015
C156	C156	0.0340179	-0.0209811	-0.00268287	-0.0672215	0.00113928	0.0532694	-0.049131	-0.0487647
C157	C157	0.0271751	-0.0209432	-0.00449285	-0.0325076	0.00372183	0.033579	-0.0353365	-0.0176025
C158	C158	0.0337153	-0.0228027	-0.00431183	-0.0730575	8.74178e-05	0.0458681	-0.0758647	-0.0127071
C159	C159	0.0333863	-0.019657	-0.00393325	-0.0651266	0.00252884	0.0518102	-0.056091	-0.0142729
C160	C160	0.0222955	-0.0144003	0.0104372	0.00408959	0.000121776	0.0143008	-0.0284284	-0.0133363
C161	C161	0.0333958	-0.0196654	-0.00392777	-0.0651206	0.00256134	0.0518611	-0.0560523	-0.0142884
C162	C162	0.0293624	-0.0103442	-0.000120738	0.00790894	-0.00305329	0.02053	-0.000942096	0.0379892
C163	C163	0.0233629	-0.0181614	-0.00373536	0.0380952	0.00892239	-0.0180782	-0.0442259	0.00608015
C164	C164	0.0160397	-0.0171032	-0.00417818	0.0651364	0.0139595	-0.0204208	-0.093319	0.0390447
C165	C165	0.0331632	-0.0193542	-0.00712802	-0.0686135	0.00309278	0.0399546	-0.0660123	-0.0325692
C166	C166	0.0277944	-0.0197125	0.00326414	0.011205	-0.00471297	0.00968493	-0.0612242	0.0581093
C167	C167	0.0323444	-0.020869	-0.00374196	-0.00144835	0.00315889	-0.010445	-0.109387	0.112941
C168	C168	0.0322803	-0.0208698	-0.00377294	-0.00147858	0.00313395	-0.0104563	-0.109312	0.112892
C169	C169	0.0328834	-0.0128251	-0.00363387	0.027256	-0.00261582	0.0184415	-0.0412437	-0.000462128
C170	C170	0.0317667	-0.0205205	-0.000142886	-0.0236194	0.00359893	0.0213544	-0.0527811	0.014586
C171	C171	-0.0668831	-0.00979936	-0.0529189	-0.000877495	0.0159676	0.00556346	0.00687041	0.0077462
C172	C172	-0.0652776	-0.0131564	-0.0737062	0.00321771	-0.0110029	0.00207662	-0.00120815	-0.0067964
C173	C173	0.0335685	-0.021939	-0.00328441	-0.0438262	0.00213824	0.0284055	-0.0357245	0.00252716
C174	C174	0.0319249	-0.0147673	0.000481603	0.05782	-0.00848653	-0.00479565	-0.0426015	0.0190393
C175	C175	0.0322802	-0.0132741	-0.00211536	-0.0102707	0.000330234	0.0314241	-0.018236	-0.0248313
C176	C176	0.031604	-0.0178361	-0.00436731	-0.0126813	0.00107815	0.0216445	0.0442706	0.0812744
C177	C177	-0.0662233	-0.00932197	-0.0415252	-0.00141428	0.0105358	0.00544271	0.00548034	0.00881184
C178	C178	0.0297912	-0.019813	-0.00446991	-0.052356	-0.00110139	0.02307	-0.0365454	0.0424819
C179	C179	-0.0633408	-0.00758623	-0.016719	0.000488278	-0.0127257	0.00399843	0.00252582	0.000764807
C180	C180	0.0334166	-0.0183749	-0.00392123	-0.074774	0.00363228	0.0643442	-0.0269292	-0.0561751
C181	C181	-0.0673406	-0.0105238	-0.047006	-0.000798508	0.00975736	0.00177354	0.00370399	0.00326938
C182	C182	0.0325308	-0.0176346	-0.00474321	-0.0601625	0.00149061	0.0485476	-0.00339057	-0.0302142
C183	C183	0.0329818	-0.0182059	-0.0044581	-0.0679523	0.00329841	0.0587193	-0.00923812	-0.0413454
C184	C184	0.0323537	-0.015321	-0.00348793	-0.04207	0.00180283	0.0298763	0.0232353	-0.014663
C185	C185	-0.0593314	-0.00607023	0.0382636	-0.00252918	0.00807917	0.0020299	0.00293115	-0.00202738
C186	C186	-0.0570218	-0.0060977	0.0457642	-0.00248609	0.00165281	9.27583e-05	0.00501648	0.00395209
C187	C187	-0.0671455	-0.0122282	-0.0689615	0.00164594	0.0025779	0.00159074	0.00895163	0.004607
C188	C188	-0.067629	-0.0116793	-0.0688872	0.00109831	0.00631793	0.00152494	0.00790763	0.0046491
C189	C189	-0.067601	-0.0116803	-0.0619995	-7.77255e-05	-0.00587823	0.00550519	0.00089597	-0.00390165
C190	C190	0.0301056	-0.0163022	-0.00404573	-0.0492431	0.0039402	0.0345724	-0.0198096	-0.0328309
C191	C191	0.0302225	-0.0130597	0.000853641	-0.0358186	0.00320873	0.0332068	0.0219905	-0.0263725
C192	C192	0.0322337	-0.0137847	-0.00143457	-0.00711671	-0.00217954	0.0309441	0.0933052	0.055548
C193	C193	0.0329722	-0.0127199	-0.00325134	-0.0439237	0.00113908	0.0400357	-4.95575e-05	-0.0330679
C194	C194	0.029243	-0.0147699	-0.00318289	-0.0188005	0.0145685	0.0282665	0.0588697	0.0856051
C195	C195	-0.0647976	-0.0111606	-0.0628422	0.000773041	0.00694843	0.00347182	0.00472938	0.00243588
C196	C196	-0.0639747	-0.0105249	-0.0369205	0.000629772	-0.00954476	0.00625966	0.00132915	-0.00286114
C197	C197	0.0325888	-0.0191894	-0.00290888	-0.0674977	0.00565309	0.0763481	-0.0292703	-0.0506283
C198	C198	0.0283926	-0.00915287	-0.000390277	-0.0316969	0.000383929	0.0270021	0.0502894	-0.0472939
C199	C199	0.0230828	-0.0136383	-0.0025084	-0.0385824	-0.000877261	0.0197281	0.00792228	-0.0443322
C200	C200	0.0306529	-0.00465844	-0.00150225	-0.0456387	-0.00118883	0.0660906	0.048413	-0.0654915
C201	C201	0.0312208	-0.0150177	0.000452787	-0.0122087	0.000845672	0.0275165	0.082468	0.0766353
C202	C202	0.0329251	-0.0166197	-0.00379767	-0.0599463	0.00221575	0.056836	0.00264664	-0.0468637
C203	C203	0.0294481	-0.0202307	-0.00841727	-0.0544428	0.00497639	0.0475605	-0.0581119	-0.00724624
IRIS_313.10703	IRIS_313.10703	-0.0519607	-0.00168398	0.107511	-0.0076768	-0.0465885	0.00380508	0.00082244	0.0037004
IRIS_313.10758	IRIS_313.10758	-0.0529267	-0.0038113	0.101456	-0.0115225	-0.0116715	-0.000730025	-0.00591468	0.00100718
IRIS_313.10832	IRIS_313.10832	-0.0557145	-0.00367107	0.108046	-0.00349766	-0.0430515	0.00201924	-0.00443401	0.00798083
IRIS_313.10950	IRIS_313.10950	-0.0474826	-0.00234974	0.0955927	-0.00812699	0.00877946	0.00627504	0.00179957	-0.00317476
IRIS_313.11005	IRIS_313.11005	-0.0474797	-0.00233731	0.0955945	-0.00812924	0.00878541	0.00627343	0.00180971	-0.00317101
IRIS_313.11180	IRIS_313.11180	0.0276649	-0.011648	0.00431817	0.0319632	0.00727319	1.84838e-06	0.104656	0.0288069
IRIS_313.11278	IRIS_313.11278	0.0299628	-0.0112009	-0.00206406	-0.00857153	0.00271442	0.0120762	0.0669343	-0.0233444
IRIS_313.11299	IRIS_313.11299	0.0296877	-0.01071	-0.00046582	-0.00495555	-0.00268873	0.0248648	0.0810217	-0.0118225
IRIS_313.11388	IRIS_313.11388	0.0313169	-0.0130782	0.00182462	0.0330792	-0.00397761	0.0177728	0.0893392	0.0347857
IRIS_313.11391	IRIS_313.11391	0.0314106	-0.0131529	0.00240064	0.0176144	-0.00210886	0.0239453	0.0891845	0.0210001
IRIS_313.11403	IRIS_313.11403	0.0283692	-0.00786225	0.000309559	0.00462205	-0.00302626	0.0103833	0.0711711	-0.0110925
IRIS_313.11498	IRIS_313.11498	-0.0460728	-0.00355657	0.0828489	-0.00518688	0.00591805	0.00318073	0.00468831	-0.00931643
IRIS_313.11635	IRIS_313.11635	0.031515	-0.0121537	0.00285801	0.0221587	0.00196254	0.0202223	0.10194	0.0221344
IRIS_313.11817	IRIS_313.11817	0.0286515	-0.0169741	-0.00155832	-0.0109777	-0.000398656	0.0135743	0.0639025	0.00117068
IRIS_313.11848	IRIS_313.11848	0.0276549	-0.0137081	0.0017397	0.030027	0.00698244	0.00534339	0.0935441	0.0361377
IRIS_313.11868	IRIS_313.11868	0.0311045	-0.016937	-0.000709964	-0.0363577	-0.00165299	0.0411791	0.0171193	0.0413825
IRIS_313.12063	IRIS_313.12063	-0.0594802	-0.00545003	0.0326405	-0.0029397	0.0057727	0.00318321	0.0049075	0.000695263
IRIS_313.12068	IRIS_313.12068	-0.052061	-0.00304172	0.102621	-0.00738612	-0.0427485	0.00637952	0.00838443	0.00464985
IRIS_313.12269	IRIS_313.12269	0.0324786	0.00392414	-0.00180221	0.026499	-0.00715744	0.0222306	0.0845173	0.0423456
IRIS_313.12272	IRIS_313.12272	-0.0553144	-0.00352839	0.0965213	-0.00313288	-0.0354007	0.00122283	-0.00204535	0.00565716
IRIS_313.12290	IRIS_313.12290	0.0318188	-0.0140996	0.00306741	0.00613117	-0.00123031	0.0215665	0.0766785	-0.0080344
IRIS_313.12300	IRIS_313.12300	0.0329242	-0.0140076	-0.0030888	-0.0120547	-0.000302929	0.0265072	0.0681393	-0.0104093
IRIS_313.12324	IRIS_313.12324	-0.0603021	-0.00698537	0.0306392	-0.00364099	0.00410616	0.000556785	0.00334183	-0.00258563
IRIS_313.12348	IRIS_313.12348	-0.0597521	-0.00606863	0.0429896	0.000643708	-0.0057002	0.00214552	0.000682427	0.00144238
IRIS_313.9320	IRIS_313.9320	0.0295331	-0.0135577	0.00401296	0.028657	0.00338941	-0.00482189	0.0946554	0.0263707
W001	W001	0.0326896	-0.017325	-0.00488755	-0.0507924	-0.000391562	0.0486648	-0.00468083	-0.0502044
W002	W002	-0.053627	-0.00351345	0.10436	-0.00556281	-0.0315079	0.002041	-0.00808992	0.00206049
W003	W003	-0.0584504	-0.00575876	0.0570118	-0.00534623	-0.000306144	0.000694629	0.00463001	-0.00386868
W004	W004	-0.0549748	-0.00225163	0.116094	-0.00690426	-0.0338771	0.00089605	-0.00488392	0.00465119
W005	W005	-0.0507026	0.00117535	0.105606	-0.00841632	-0.0368412	0.00706181	0.000551067	0.00690266
W006	W006	-0.056665	-0.004518	0.134726	-0.0122373	-0.0450453	-0.00171036	-0.00504725	-0.00845512
W007	W007	-0.0550384	-0.00414979	0.108827	-0.00348082	-0.0412621	-0.00194597	-0.00147311	0.00619165
W008	W008	-0.0550262	-0.00382622	0.117657	-0.00738639	-0.0363402	-0.00037842	0.000243999	0.00296307
W009	W009	0.0294815	-0.00658143	0.00610735	0.00695029	-0.0179612	0.0288828	0.111147	0.0440146
W010	W010	-0.0645359	-0.00884427	0.0307073	-0.00368771	-0.0372025	0.0024146	-0.00476662	-0.00647059
W011	W011	-0.0686096	-0.0124937	-0.0626508	0.00104109	-0.0121427	0.00233257	-0.000549706	-0.0053677
W012	W012	-0.0691147	-0.0130646	-0.0684007	0.000776597	-0.0203046	0.0013924	-0.000387574	-0.00363414
W013	W013	-0.0662621	-0.0117088	-0.0466677	0.00428102	-0.0190196	0.000733474	-0.000890077	0.00146885
W014	W014	-0.0273566	0.0414514	0.0309207	0.00139765	0.205534	-0.0132081	-0.00873818	0.00200211
W015	W015	0.0123145	0.138293	-0.0162524	-0.00455353	-0.00942433	-0.00517408	-0.0196144	-0.0041816
W016	W016	-0.0685756	-0.0119045	-0.0632358	-9.4921e-05	-0.0145145	0.00279867	-0.000312335	-0.00617664
W017	W017	-0.0544581	-0.00301209	0.122455	-0.0106184	-0.0346106	-7.55725e-05	-0.00632312	-0.0089292
W018	W018	-0.06611	-0.00998239	-0.0239283	-0.00123466	-0.00593552	0.00322908	0.000236354	-0.00116192
W019	W019	-0.0617172	-0.00684335	0.0437896	-0.00208459	-0.0305802	0.00190834	0.00518269	0.0125358
W020	W020	0.0131312	0.100247	-0.00821589	-0.0137339	-0.0239132	0.0033401	-0.00747424	0.0211112
W021	W021	-0.0591475	-0.0063615	0.0452675	-0.00128396	-0.00241841	0.00278562	0.00293882	0.00192239
W022	W022	-0.0537937	-0.0036258	0.102616	-0.00276988	-0.0428256	0.00264269	-0.0019655	0.00627283
W023	W023	0.0261871	-0.0131054	0.00650331	0.0214161	0.00303839	0.0232496	0.108398	0.0533922
W024	W024	-0.0530986	-0.00360358	0.104796	-0.00791745	-0.0491729	0.000588342	-0.00267356	0.000520072
W025	W025	0.014606	0.140244	-0.0174142	-0.00733413	-0.0263006	0.00185497	-0.00211448	0.00687599
W026	W026	0.0315493	-0.0170644	-0.00202437	-0.0418626	0.00588264	0.03788	0.00136568	0.0601091
W027	W027	-0.0665718	-0.0111195	-0.0266193	-0.000884844	-0.0329172	0.00312255	-0.000489962	-0.00314533
W028	W028	0.0151942	0.144688	-0.0136657	-0.00755603	-0.0434031	0.00270901	-0.00481043	0.0131394
W029	W029	0.0312923	-0.0165104	-0.00330034	-0.0340763	-0.00114974	0.0269014	0.0766682	0.0371813
W030	W030	0.0244749	-0.0105598	0.00383304	0.00302481	0.00155096	0.0166457	0.0891139	0.0688925
W031	W031	0.0316963	-0.019165	-0.000803199	-0.0364751	0.00309097	0.0372528	0.010198	0.00556071
W032	W032	0.0318096	-0.019213	-0.000764006	-0.0365401	0.0031404	0.0374677	0.010263	0.00561996
W033	W033	0.0319515	-0.0178241	-0.0007521	-0.0509774	0.00258587	0.0538144	-0.00038685	-0.0355683
W034	W034	0.0124837	0.126042	-0.0103559	-0.0121185	-0.0174178	-0.00818594	-0.0189252	0.0291852
W035	W035	0.0264865	-0.0119395	0.000832313	-0.00316681	0.0010592	0.0187879	0.0791835	0.0601225
W036	W036	0.0319078	-0.0178618	-0.0013203	-0.0412488	0.00446862	0.0445166	0.0283574	-0.0113201
W037	W037	0.0144356	0.035479	0.00785727	0.00364578	-0.00823546	0.0116282	0.0245609	-0.0152452
W038	W038	-0.0685597	-0.0127992	-0.0719727	0.00224324	-0.016349	0.000374553	0.00169623	-0.00400918
W039	W039	0.0321827	-0.0193632	-0.00422985	-0.0513734	0.00585775	0.0514102	-0.0041316	-0.00504758
W040	W040	0.0320003	-0.0162709	-5.78179e-05	0.0761062	-0.00256733	-0.0165635	0.00582274	-0.0210514
W041	W041	-0.0549734	-0.00295994	0.101014	-0.00668796	-0.0248323	-0.00357695	-0.00348386	-0.00227799
W042	W042	0.0146194	0.0593326	-0.0126206	0.00300694	-0.0129255	0.0177892	0.0529614	-0.0132873
W043	W043	0.0323847	-0.0171704	0.000728683	0.0788622	-0.00154192	0.00680992	0.0271225	-0.00288967
W044	W044	0.0309186	-0.0122523	0.000586399	0.0727229	-0.00871175	-0.0108018	0.0110538	-0.0262332
W045	W045	-0.067904	-0.0107964	-0.0655259	-0.00135373	0.0137341	0.00495408	0.00617764	0.0056423
W046	W046	0.0316084	-0.0204268	-0.00109919	0.0742499	-0.00199113	-0.0225907	-0.0577782	-0.00834188
W047	W047	-0.0562405	0.00184169	0.000866486	0.00223457	0.0339703	0.00239035	-0.00125807	-0.00961015
W048	W048	0.0127202	0.088058	-0.00381199	-0.0113372	-0.0144249	0.000986493	-0.00461746	0.018145
W049	W049	0.0141763	0.138681	-0.0139823	-0.00463734	-0.0222984	-0.00285124	-0.0171168	0.00300884
W050	W050	-0.0400434	0.0267494	0.0135095	0.000764526	0.206443	-0.0114363	-0.00726999	0.0117668
W051	W051	0.0299269	0.000396142	-0.00272969	0.063093	-0.00967679	-0.0222918	-0.0291035	-0.0317626
W052	W052	-0.0676326	-0.011693	-0.0636373	0.00107328	0.000871188	0.00270254	0.00719228	0.00629011
W053	W053	-0.055603	-0.00419237	0.133586	-0.0128218	-0.0447747	-0.0013814	-0.00367905	-0.00927053
W054	W054	0.0316025	-0.0161958	0.000318332	-0.00563706	-5.74491e-05	0.0324266	0.0695203	-0.01356
W055	W055	-0.0169728	-0.0117223	0.033191	0.00999211	0.00925086	-0.00374889	-0.0199079	0.0402504
W056	W056	-0.0691736	-0.0133936	-0.0724192	0.000921242	-0.0198538	0.000701173	-0.0012064	-0.00567208
W057	W057	-0.0550214	-0.00403634	0.131142	-0.0121496	-0.042233	-0.00113219	-0.00436457	-0.00826699
W058	W058	0.0299755	-0.0163904	-0.00287431	-0.0305683	0.00304335	0.0310921	-0.0196189	0.0339766
W059	W059	-0.0691574	-0.01306	-0.0715152	0.00256548	-0.0200761	0.00112709	-0.00146868	-0.00584479
W060	W060	-0.0689295	-0.012363	-0.0687577	0.00155456	-0.0154791	0.0012998	0.000232444	-0.00512925
W061	W061	-0.0634054	-0.00827311	0.0211144	-7.98506e-05	-0.00960776	0.00349515	-0.00020017	-0.00364531
W062	W062	-0.0465809	-0.00413154	0.0727402	-0.0066256	0.00157196	0.00352915	-0.000291625	1.12795e-05
W063	W063	-0.0633166	-0.00774371	0.0302792	-0.00400815	-0.035628	0.00189736	0.00095706	-0.001362
W064	W064	-0.0678778	-0.011066	-0.0652416	-0.00055929	0.0140411	0.00593493	0.00716025	0.00563507
W065	W065	-0.0526537	-0.00108486	0.123529	-0.0136443	-0.0281941	-8.16481e-05	-0.00476943	-0.00643738
W066	W066	0.013375	-0.00836438	0.0274345	0.0505058	-0.0182174	-0.00226608	0.060424	0.0110645
W067	W067	-0.0522486	-0.00323137	0.10197	-0.00431398	-0.0291457	0.000864401	-0.00599791	0.00515086
W068	W068	-0.0653211	-0.00731883	-0.0583707	-0.000922915	0.0258467	0.00509207	0.00581455	0.004498
W069	W069	0.0131082	0.120181	-0.00799982	-0.00751403	-0.026053	0.00151953	-0.02128	0.0267632
W070	W070	0.032288	-0.0185545	-0.00223693	0.0251347	-0.00236677	-0.00164042	-0.0150735	0.00158526
W071	W071	0.0300435	-0.00922914	-0.000616854	0.00018594	-0.00912188	0.0260406	0.0841452	0.0648053
W072	W072	0.0131263	0.140387	-0.0141481	-0.00429502	-0.0181097	0.00207793	-0.0041098	-0.00240227
W073	W073	0.0310128	-0.00734837	-0.000523378	0.0788173	-0.00872821	0.0021203	-0.0212624	-0.0524027
W074	W074	0.0319664	-0.0139485	-9.84643e-05	0.00302097	-0.00543059	0.0258751	0.110386	0.0779832
W075	W075	0.0277269	0.0185259	-0.00111525	0.0147284	-0.00552023	0.0174993	0.0589355	-0.0763151
W076	W076	0.0158882	0.144404	-0.014679	-0.0129816	-0.03254	0.00262877	-0.00592712	0.0375553
W077	W077	-0.0328509	0.0325197	0.0455101	0.00624418	0.26595	-0.0145586	-0.00255998	0.00532912
W078	W078	0.0282517	-0.0126781	0.000696371	0.0726792	0.0125531	-0.00270151	0.0177265	0.0196606
W079	W079	-0.013603	-0.00597106	0.0452708	-0.0257662	0.0309054	0.0225273	-0.0222218	0.00728193
W080	W080	0.0338313	-0.0197693	-0.00379308	-0.0617618	0.00292732	0.0641596	-0.0281879	-0.0322686
W081	W081	-0.034688	0.0306156	0.0188807	0.000776881	0.224888	-0.00949856	-0.000445362	0.0135116
W082	W082	-0.0684264	-0.0112453	-0.0677308	-5.37447e-05	0.00550994	0.00402868	0.0053541	0.00175241
W083	W083	0.0308988	-0.012251	0.00185049	0.0650202	0.000556901	-0.00140702	0.027381	-0.0568956
W084	W084	0.0284126	-0.00675203	0.00179452	0.0538233	-0.00231376	0.00227607	0.0207817	-0.0145154
W085	W085	0.0290037	-0.0170631	0.000704927	0.0175464	0.00113324	0.0111847	-0.0475323	0.0640215
W086	W086	0.0312611	-0.0200189	-0.000659705	0.0342169	-0.00620101	-0.015138	-0.0163789	0.0166913
W087	W087	0.0276348	-0.0198942	-0.0035812	-0.0365718	0.00884076	0.0274195	-0.0453464	0.0244483
W088	W088	-0.0580182	-0.0131718	-0.0597366	0.013183	0.0207213	0.00325807	0.00823265	-0.00206545
W089	W089	0.0283154	-0.00931493	0.00329751	0.0161433	0.00392607	0.026244	0.10713	0.034286
W090	W090	0.0138666	0.146631	-0.0156373	-0.000113476	-0.00251792	-0.00962546	0.00379792	-0.0194302
W091	W091	0.000876801	0.125869	-0.00605972	-0.00100781	-0.00694407	-0.0113952	-0.0139345	-0.0340481
W092	W092	0.00445987	0.126108	-0.00581335	0.00424733	-0.00263394	-0.00816612	-0.0142341	-0.0359049
W093	W093	0.0281442	-0.00942084	0.00257575	0.0160592	0.00413756	0.0256138	0.105665	0.0339343
W094	W094	0.0157243	0.147603	-0.015646	-0.0078731	-0.0246078	-0.00599305	-0.00681058	0.0234934
W095	W095	0.0155706	0.148953	-0.0149506	-0.0118593	-0.0336228	-2.82746e-05	-0.00495516	0.0337718
W096	W096	0.015924	0.151625	-0.0156751	-0.00404084	-0.0278506	-0.000931626	-0.0156732	0.0289118
W097	W097	-0.0120906	0.0384959	-0.0115182	0.00568805	0.00858848	-0.00210473	0.0134438	-0.00833835
W098	W098	0.0137033	0.143963	-0.0155575	-0.00191277	-0.00405103	-0.0110968	0.0043085	-0.0176607
W099	W099	-0.00403905	0.115269	-0.00331293	0.00199274	0.0054287	-0.010079	-0.0173825	-0.0342974
W100	W100	0.0128543	0.145909	-0.0135882	-0.0012409	-0.0032712	-0.0129819	0.00204152	-0.0166465
W101	W101	0.0316699	0.0176114	-0.00442566	-0.00102097	-0.010775	0.0269529	0.076846	-0.0467034
W102	W102	-0.052631	-0.00316493	0.100478	-0.0100682	-0.0408105	0.00238594	0.00335385	-0.0033358
W103	W103	0.0112178	0.144703	-0.0125055	-0.00295836	-0.0137789	-0.00436417	-0.0040075	-0.0172031
W104	W104	0.016047	0.148877	-0.0167166	-0.00987998	-0.0325006	0.00220198	-0.00689039	0.0327619
W105	W105	-0.00274226	0.122824	0.000393782	0.00132384	0.00230383	-0.012515	-0.0170407	-0.0334503
W106	W106	0.0145122	0.144207	-0.0139439	-0.000892223	-0.0161295	-0.00706323	-0.00441511	-0.0115981
W107	W107	0.02335	0.0763624	-0.00926179	0.010146	-0.0146858	0.00723697	0.0279569	-0.0267012
W108	W108	0.0137794	0.147728	-0.0152482	-0.000733045	-0.00498327	-0.0101396	0.00377302	-0.0181149
W109	W109	-0.0677162	-0.0095988	-0.0492314	5.19241e-05	0.0187451	0.00383758	0.00586711	0.00397905
W110	W110	-0.0542326	-0.00425132	0.107901	-0.00470731	-0.0335143	0.00196248	-0.00353112	0.00172697
W111	W111	0.029538	-0.00654158	0.00623738	0.00693525	-0.0180485	0.0289045	0.111256	0.04415
W112	W112	0.0304816	0.00747687	-0.00145147	0.0140736	-0.00547263	0.031729	0.0832023	-0.0288752
W113	W113	-0.0530775	-0.00345513	0.103216	-0.00458528	-0.0446725	0.00127873	0.00046948	0.00109491
W114	W114	0.0297166	-0.0121299	0.00300224	0.0112141	-0.000794225	0.0069458	0.10096	0.0427701
W115	W115	0.00884011	0.125075	-0.00907561	0.00280153	-0.00600114	-0.00437012	-0.00683417	-0.0466746
W116	W116	-0.0573425	-0.00356029	0.0964137	-0.00633204	-0.0276616	-0.000182733	-0.0105048	0.00194026
W117	W117	-0.0690664	-0.0130122	-0.068043	0.000753768	-0.0201337	0.00137619	-0.000363246	-0.00369392
W118	W118	-0.0546015	-0.0043921	0.103954	-0.00331753	-0.045698	-0.00713847	-0.00701312	-0.000384968
W119	W119	-0.0522439	-0.00344652	0.114178	-0.0025211	-0.0347235	-9.7704e-05	-0.00533427	-0.00622123
W120	W120	-0.0654532	-0.00914351	-0.0341976	-0.00215096	-0.00256977	0.000754022	0.00221903	0.00598535
W121	W121	0.011547	0.123053	-0.00844533	-0.0139983	-0.0137458	-0.00781589	-0.020941	0.0217097
W122	W122	-0.0587994	-0.00274459	0.00731314	0.00078768	0.00347843	0.00335208	0.00271642	0.000840186
W123	W123	-0.0568579	-0.00381009	0.128352	-0.00901773	-0.0446929	0.000811915	-0.00535944	-0.00214423
W124	W124	0.0322107	-0.0134463	-0.00239285	-0.0361884	-0.00345429	0.0375982	-0.0101022	-0.0111428
W125	W125	-0.0320034	-0.0142202	-0.0301439	-0.0227633	0.00353816	0.0188365	-0.00613002	-0.00142148
W126	W126	0.0335863	-0.0178822	-0.00424036	-0.0621512	0.000809486	0.0498994	-0.00247524	-0.0441274
W127	W127	-0.0574903	-0.00595997	0.0409178	-0.00286855	-0.00273815	0.00614027	0.00745773	0.00358941
W128	W128	-0.0328075	0.0124964	0.0488965	-0.0156453	-0.026629	0.00379786	-0.00277451	-0.0133646
W129	W129	-0.0373817	0.0295766	0.0403328	0.00460051	0.210515	-0.0100906	-0.007068	0.00119942
W130	W130	-0.0673589	-0.0103823	-0.0548411	-0.00111958	-0.00783824	0.00267179	0.00258411	-0.00274724
W131	W131	0.0145878	0.0951402	-0.00694945	-0.0126815	-0.0267491	0.00504475	-0.0109307	0.0269918
W132	W132	0.030293	-0.0135331	-0.0013732	-0.0312775	0.00165567	0.0327366	0.0418387	0.0564743
W133	W133	0.0327273	-0.0168799	-0.00100351	-0.0208789	0.000602629	0.0284098	0.00205403	0.0442047
W134	W134	0.0143367	0.148073	-0.0140093	-0.00974446	-0.0350996	-0.00181993	-0.0189898	0.0113901
W135	W135	0.0217593	0.0519603	0.00405795	0.0075492	-0.00687371	0.0199956	0.0519166	-0.0414417
W136	W136	-0.0139908	0.0570214	0.0377487	0.00955472	0.180995	-0.0129108	0.00697692	-0.013094
W137	W137	0.0240252	-0.012296	0.000212005	0.00629191	-0.00600346	0.0088823	0.0383309	0.0158256
W138	W138	0.0328762	-0.0173162	-0.00169543	-0.0385869	0.00219119	0.0434975	0.00892475	-0.0256519
W139	W139	-0.0685412	-0.0113764	-0.0635598	-0.00118183	0.00444075	0.00355163	0.00638828	0.00368511
W140	W140	0.00466411	0.12369	-0.00553043	0.00328117	-0.00223939	-0.0077781	-0.0149207	-0.0383756
W141	W141	0.0152659	0.149353	-0.0144767	-0.00904544	-0.0280976	0.000658642	-0.0148671	0.0349729
W142	W142	0.0150796	0.138758	-0.01294	-0.0123847	-0.0297975	0.00729896	-0.00140859	0.0228832
W143	W143	-0.0591632	-0.00508572	0.0220783	0.000469045	-0.00464677	0.00216503	0.00230031	-0.00119738
W144	W144	0.0326672	-0.019913	-0.00279478	-0.0391863	0.00177111	0.0412692	0.00455683	-0.0122255
W145	W145	0.0306426	-0.00995815	-0.000682178	-0.0155006	0.00233843	0.0226257	0.042546	-0.0295454
W146	W146	0.029976	-0.0149469	-0.0030754	-0.0360922	0.00322903	0.04217	0.0170615	0.0314591
W147	W147	0.0326961	-0.0186382	-0.000999984	0.0253971	-0.000340352	0.00219589	-0.0276131	0.0129432
W148	W148	0.0324636	-0.016241	-5.87206e-05	-0.0241825	0.00434713	0.0084988	0.0270638	0.00257109
W149	W149	0.0301166	-0.0173391	-0.000529334	0.0307596	-0.000824951	-0.00929218	-0.0746359	0.0362279
W150	W150	0.0186447	-0.0166512	-0.00543377	0.0470321	0.0143941	-0.000116275	-0.00308973	-0.0319786
W151	W151	0.0205871	-0.0165336	-0.00579371	0.0381996	-0.0115414	-0.00460483	-0.0618581	-0.00671856
W152	W152	0.0272879	-0.0162408	0.00348264	0.0853305	-0.0138916	-0.0202595	-0.0454832	0.0565869
W153	W153	0.0263178	-0.0136209	0.00564505	0.0545231	-0.0187113	-0.0118968	0.00947725	0.0432823
W154	W154	0.0320364	-0.0210205	-0.00131313	0.0504596	-0.00442352	-0.0188686	-0.0650748	0.059319
W155	W155	0.02715	-0.0200599	-0.00484994	0.017112	-0.000765333	0.00513816	-0.0559747	0.0184883
W156	W156	0.0288474	-0.0201819	-0.00519029	-0.0167347	0.00130047	0.0173861	-0.0630603	0.0177143
W157	W157	0.0273361	-0.0184748	-0.000436778	-0.00263805	-0.00625898	0.0118455	-0.0596366	0.0179312
W158	W158	-0.0179408	-0.0149671	-0.0448416	0.0446233	-0.0405198	-0.00687343	-0.0180262	-0.0102622
W159	W159	0.0261716	-0.00906852	-0.00174065	0.0809657	-0.00858597	-0.0138899	-0.0492578	-0.0166027
W160	W160	-0.0683254	-0.0129794	-0.0752786	0.00138919	-0.00289952	0.0030534	0.00430168	0.00371042
W161	W161	0.0148586	-0.0125286	0.0213103	0.0761283	-0.014221	-0.023236	-0.0356219	-0.0400775
W162	W162	-0.0630855	-0.0138192	-0.0755634	0.00183793	0.00594247	0.00324949	0.0053006	0.00283646
W163	W163	0.0316297	-0.0189482	-0.00179526	0.0173467	-0.000798418	0.00813632	-0.0881778	0.0680744
W164	W164	0.0292482	-0.018772	-0.00625428	-0.0184386	0.00355981	0.0261664	-0.0583477	-0.0181397
W165	W165	0.0308572	-0.019415	-0.00137265	0.0158532	0.000656884	-0.00220216	-0.107324	0.133461
W166	W166	0.0282516	-0.0175753	0.000318289	0.00496504	0.00775929	0.0102225	-0.0589598	0.0337606
W167	W167	0.0284488	-0.0176704	0.000360057	0.00508866	0.00773419	0.0103637	-0.0591133	0.0338238
W168	W168	0.0322132	-0.0125695	0.00137957	0.0887069	-0.00300033	-0.00463358	0.0167734	-0.0254823
W169	W169	0.0299033	-0.00849256	-0.00112987	0.0770232	-0.00296949	-0.0105802	0.00735513	-0.111059
W170	W170	0.0294103	-0.0188479	0.000413637	0.107486	-0.0080087	-0.0304835	-0.0922135	0.0433993
W171	W171	0.0296677	0.00510806	-0.00350737	0.0460237	-0.00831657	-0.00267351	0.0147212	-0.0471779
W172	W172	0.0330306	-0.0163407	-0.00220257	0.0434108	-0.000738692	-0.0036708	-0.0514099	-0.00765699
W173	W173	-0.0384858	-0.00289693	0.0440879	0.00150236	0.0168001	-0.00540436	-0.00828655	0.0150149
W174	W174	0.0270296	-0.016172	-0.00423961	0.0861061	-0.00653388	-0.00996486	-0.0245005	-0.0236159
W175	W175	-0.00912345	-0.0156336	-0.030283	0.0275749	-0.00852082	0.00250755	-0.043103	-0.0195605
W176	W176	0.0214298	-0.019971	-0.0089994	0.0925547	-0.0169679	-0.0350223	-0.0756438	0.0222117
W177	W177	0.0213743	-0.0199823	-0.00904155	0.0921833	-0.0169445	-0.0349691	-0.0756673	0.022138
W178	W178	0.0310564	-0.0119123	-0.000653587	0.051067	0.00510381	0.0119272	0.0617399	0.0326862
W179	W179	0.0301101	-0.00692718	-0.000196977	0.0827458	-0.00478786	-0.00528991	0.00490721	-0.138703
W180	W180	0.031224	-0.0151209	0.000379028	0.0494245	0.00712503	0.0178535	0.0322237	-0.0232405
W181	W181	0.0328015	-0.0181248	-0.000213174	0.0496507	0.00531678	0.00376075	-0.0111553	0.0144344
W182	W182	0.0321098	-0.00935662	-0.00306226	0.066334	-0.0029403	-0.00400476	0.0163622	-0.118844
W183	W183	0.0302671	-0.0135411	-0.000711918	0.0829197	-0.00366258	-0.0041464	0.00180577	-0.142685
W184	W184	0.0295493	-0.00846262	-0.00107654	0.0842155	-0.00935021	-0.00993027	-0.00474669	-0.130885
W185	W185	0.0307609	-0.0118115	-0.00183651	0.0796858	-0.00728526	-0.0281412	0.00973519	-0.0440816
W186	W186	0.0306551	-0.0195905	-0.00129075	0.0222731	-0.00189006	-0.00560706	-0.112246	0.140292
W187	W187	0.0308453	-0.0193995	-0.0014707	0.0159326	0.000693322	-0.00232445	-0.107321	0.133136
W188	W188	0.0306745	-0.0130785	0.00155071	0.0601463	-0.0031433	0.00221307	-0.015553	-0.0542842
W189	W189	0.0307204	-0.0146342	-0.000555497	0.0578864	0.00352928	0.00467493	0.0310107	-0.0625173
W190	W190	0.0321538	-0.0135896	0.00145408	0.0880114	-0.00178585	0.000208231	0.00691554	-0.0313402
W191	W191	0.00124892	0.0100332	0.0383405	0.0398946	0.123169	-0.00109693	-0.0149535	-0.0576466
W192	W192	0.00128144	0.00994527	0.0381968	0.0398148	0.122733	-0.00108288	-0.0147423	-0.0576552
W193	W193	-0.0659784	-0.0123571	-0.04244	0.00142968	-0.0335559	0.00145769	-0.00326583	-0.00509384
W194	W194	0.0301649	-0.0141388	-0.00531463	0.055075	-0.00778504	0.00516992	0.0130061	-0.0370359
W195	W195	0.0242765	-0.0144695	0.000151434	0.0457993	-0.00257254	-0.0140896	-0.0164915	0.0579899
W196	W196	-0.0102576	0.00521943	0.0207249	0.0303865	0.0999872	-0.00849949	-0.0129113	-0.0530741
W197	W197	0.0301301	-0.0127195	-0.00059063	0.0573339	0.000146958	-0.0108853	-0.0100605	-0.0558155
W198	W198	0.0310724	-0.0129488	0.000567669	-0.0275087	-0.00585811	0.048114	0.0448051	-0.0460755
W199	W199	0.0305359	-0.0150693	0.00214759	0.0260184	0.000117835	0.0109258	0.0257543	-0.0316441
W200	W200	0.0322833	-0.0177253	-0.00169131	0.0306053	-0.00453828	0.00677888	0.0349276	0.0244143
W201	W201	0.0322375	-0.0176933	-0.0016786	0.0314872	-0.00460262	0.00622907	0.0359026	0.0229805
W202	W202	0.0322733	-0.0177003	-0.00169019	0.0315406	-0.00459557	0.00620152	0.0359933	0.022952
W203	W203	0.0317617	-0.0144361	-0.000338851	0.00328422	-0.00189267	0.0259227	0.109926	0.0537415
W204	W204	0.0345724	-0.0206059	-0.00543095	-0.0665846	-0.000120934	0.055255	-0.0106433	-0.0521272
W205	W205	0.0345905	-0.0206001	-0.00541893	-0.0666353	-0.000140863	0.0553164	-0.0106388	-0.0521417
W206	W206	0.0305872	-0.0150676	0.00214733	0.025919	0.00012224	0.011041	0.0257659	-0.0316483
W207	W207	-0.0683943	-0.0123206	-0.062755	0.000954747	-0.0210638	0.00184979	0.00221034	-0.00317132
W208	W208	-0.0509652	-0.012225	-0.0533194	0.0200189	-0.0277742	-0.00596519	-0.0202064	0.00714824
W209	W209	-0.0670425	-0.0114233	-0.0365781	-0.000829611	0.00269511	0.00345813	0.00379126	0.00253971
W210	W210	0.033305	-0.0183548	-0.00291008	-0.0651258	0.00235025	0.0665002	-0.00468633	-0.0633868
W211	W211	0.0297515	-0.00765877	-0.000344286	0.077306	-0.00351873	-0.00545198	0.0075653	-0.141357
W212	W212	0.0296957	-0.0110984	-0.00410706	-0.0223071	0.00103301	0.0275455	0.0468271	0.0455207
W213	W213	0.0269272	-0.0112323	0.00620848	0.0834068	-0.00368275	-0.00162865	0.0542309	0.0211208
W214	W214	0.0140184	0.142737	-0.012522	-0.0121068	-0.0185962	-0.00735432	-0.0154076	0.00681458
W215	W215	0.0139275	0.142167	-0.0124877	-0.0120752	-0.0184121	-0.0074899	-0.0153422	0.00675711
W216	W216	0.0266846	-0.0187513	-0.00512773	0.106439	-0.0147112	-0.0333874	-0.0684254	0.0320468
W217	W217	0.0245704	-0.0122024	0.00930693	0.0607673	0.00024912	0.00813362	0.0524633	0.0445199
W218	W218	0.0244045	-0.0113986	0.00791326	0.0639808	-0.000780412	0.00887153	0.0523287	0.0424038
W219	W219	-0.0364029	0.0300851	0.0467698	0.00454025	0.271812	-0.013394	-0.0027906	0.00461566
W220	W220	-0.0366138	0.0298584	0.047476	0.00404364	0.266861	-0.0116449	-0.00204781	0.00223964
W221	W221	0.0304851	-0.0120427	1.89738e-05	0.0712483	0.00559144	0.00455159	0.0388115	0.00251129
W222	W222	0.0319043	-0.0163018	0.00318115	0.0797299	-0.00578892	-0.0202256	-0.0124904	-0.00452322
W223	W223	0.0312563	-0.0166654	-0.00184345	0.047184	-0.00203792	-0.002274	-0.00903306	-0.0114291
W224	W224	0.0302152	-0.0106945	0.000967811	0.055884	-0.00210267	0.00528337	0.0293453	-0.0601863
W225	W225	-0.0529272	-0.00448974	0.0956844	-0.00240291	-0.0500506	-0.00496605	-0.00450707	-0.000157583
W226	W226	-0.0641151	-0.00992222	-0.010421	-0.00425313	-0.0381974	0.000832396	0.00178255	-0.00117181
W227	W227	0.0325634	-0.0157355	-0.00053121	0.063282	-0.000843069	-0.0108931	-0.00704274	-0.0226362
W228	W228	0.0308302	-0.0133261	-0.00142284	0.0716351	-0.00741381	-0.00684227	-0.0105016	-0.0406881
W229	W229	0.0300039	-0.01621	0.000276335	0.0655159	-0.0048665	-0.00887549	-0.0176105	-0.0504363
W230	W230	0.0324953	-0.0156411	0.00194731	0.0861407	-0.00221311	-0.00739635	-0.0113078	-0.0642385
W231	W231	0.0320594	-0.0170892	-0.000483743	0.0572159	-0.00220481	0.00280349	-0.0467352	-0.0106649
W232	W232	-0.0529341	-0.0138248	-0.0583471	0.0113541	-0.011164	-0.000625973	-0.00383193	-0.011514
W233	W233	0.0321165	-0.0207884	-0.00460528	0.0213114	-0.00169107	-0.0130759	-0.108259	0.116523
W234	W234	0.0320242	-0.0207746	-0.00462238	0.0213419	-0.00178283	-0.0132252	-0.108074	0.116447
W235	W235	0.0331429	-0.0182972	-0.00662033	-0.0676128	0.00701447	0.0521786	-0.0228377	-0.0501625
W236	W236	0.0151888	-0.0117884	0.0195989	0.0766397	-0.0168445	-0.0221738	-0.0120064	0.0870237
W237	W237	0.0291891	-0.0141806	0.00111541	0.0702859	-0.00758658	-0.00112254	-0.00999449	-0.0245418
W238	W238	0.0296455	-0.0148557	0.00203881	0.0985945	-0.00349796	-0.0218382	-0.0244868	0.0138492
W239	W239	0.0308699	-0.0117619	-0.0020282	0.0353016	-0.00352487	0.00854324	0.0013275	-0.00536076
W240	W240	0.0225725	-0.017599	-0.00115243	-0.00880424	-0.00292984	0.0146684	-0.0192962	-0.000754534
W241	W241	0.0317911	-0.0130604	-0.00307175	0.061237	0.00230266	-0.00835823	-0.019386	-0.0379285
W242	W242	0.0328874	-0.0192012	-0.000609078	0.0708954	-0.00284921	-0.017646	-0.0133269	0.00214244
W243	W243	0.0145212	-0.0113896	0.0205194	0.0759249	-0.0158799	-0.0219991	-0.0119224	0.0876985
W244	W244	0.0147367	-0.0114203	0.0203507	0.0772825	-0.0162242	-0.0219814	-0.0119469	0.0871859
W245	W245	0.0220469	-0.00858751	0.01849	0.0713289	-0.00407576	0.0054127	0.0632861	-0.0138079
W246	W246	0.0304191	-0.0124338	-0.00106595	-0.0085506	-0.00443227	0.0265499	0.118706	0.0960274
W247	W247	0.033384	-0.0183877	-0.00285105	-0.0652647	0.00235907	0.0666251	-0.00464528	-0.0634265
W248	W248	0.0309446	-0.0184172	-0.00229581	-0.066527	0.0076582	0.0438224	-0.0117213	-0.0524653
W249	W249	-0.0662514	-0.0114619	-0.0326844	0.00103191	-0.0245679	0.00260472	0.00183244	-1.24765e-06
W250	W250	-0.0662505	-0.0115109	-0.0336764	0.00113212	-0.0247729	0.0026361	0.00187458	0.000145309
W251	W251	-0.0568079	-0.00521704	0.11683	-0.0104487	-0.0355606	0.00468705	-0.00207208	-0.00988663
W252	W252	-0.0387813	0.0234523	0.0444958	0.0008921	0.263075	-0.0115059	-0.004177	0.00528223
W253	W253	-0.0566251	-0.00452775	0.13411	-0.0121867	-0.0448814	-0.001739	-0.00503543	-0.00844286
W254	W254	-0.0567092	-0.00456218	0.133073	-0.0121649	-0.0446704	-0.0018739	-0.00511404	-0.00851896
W255	W255	-0.0391601	0.0230923	0.0432782	0.000806367	0.260608	-0.0116102	-0.00419211	0.00510228
W256	W256	-0.0353845	0.0288305	0.0378862	0.000859541	0.254957	-0.0116745	-0.00351668	0.0105279
W257	W257	-0.0490651	0.00989835	0.117346	-0.016287	-0.0477592	0.00482835	0.0100453	-0.0139698
W258	W258	-0.0354441	0.0286947	0.0381627	0.000937986	0.256207	-0.0115362	-0.00311554	0.0108458
W259	W259	0.0154869	-0.011704	0.019784	0.0774716	-0.0172637	-0.0220946	-0.0123272	0.0871969
W260	W260	-0.0575896	-0.00479394	0.126549	-0.00874046	-0.0464673	-0.00030729	-0.00913291	-0.00431771
W261	W261	-0.0297424	0.0403563	0.0585886	0.000694343	0.0998837	-0.00864226	-0.0119625	-0.0101735
W262	W262	0.0329721	-0.020951	-0.00438031	-0.0671034	0.00442418	0.0559027	-0.0852578	-0.00811053
W263	W263	0.0315367	-0.014965	0.00408506	0.0854305	0.0023164	0.00163198	0.0255316	0.00456467
W264	W264	0.0310308	-0.0140141	0.000968923	0.000176305	0.000984185	0.0103112	-0.00903492	-0.00118618
W265	W265	0.0314417	-0.0149551	0.00403985	0.0851472	0.00220393	0.00153845	0.0253773	0.00446087
W266	W266	0.0292988	-0.0138315	-0.000962191	0.0368716	0.00796641	0.017043	0.0802306	0.0564576
W267	W267	0.0313048	-0.0163423	-0.000884748	0.01485	0.000784553	0.00762195	-0.0450394	0.0178927
W268	W268	0.030578	-0.0190491	-0.00290939	-0.00346483	0.00166522	0.00685551	-0.0745655	0.0829408
W269	W269	0.0310925	-0.0113305	0.000766102	0.0245124	1.69088e-06	0.0223774	0.0033889	-0.0564234
W270	W270	0.0325824	-0.0182651	-0.00166622	0.00873871	-0.00354168	0.0106426	-0.045326	0.0500265
W271	W271	0.032308	-0.0166528	-0.00307843	0.00758096	-0.00103737	0.0284101	-0.0468775	-0.0171268
W272	W272	0.0280245	-0.0119981	0.00134254	-0.00712749	0.0161	0.0160837	0.120667	0.123203
W273	W273	-0.0554096	-0.00277417	0.0984325	-0.00683117	-0.0421503	0.00499173	0.00247292	-0.000948972
W274	W274	0.0331953	-0.0213761	-0.0030728	-0.060027	-0.0033305	0.0386326	-0.0583638	-0.00042488
W275	W275	-0.0534235	-0.00138687	0.114089	-0.00686512	-0.0258894	0.00351703	-0.00839147	-0.000896742
W276	W276	0.0305367	0.0130372	-0.00352253	0.0192436	-0.00699194	0.0275034	0.0788968	-0.0436936
W277	W277	0.0161686	0.153776	-0.0152877	-0.00834327	-0.0283572	-0.00331376	-0.0110197	0.0224549
W278	W278	0.0167969	0.15	-0.0136981	-0.00990081	-0.0320641	-0.00390522	-0.00886544	0.0231909
W279	W279	0.0156245	0.144877	-0.0106483	-0.0042625	-0.0354448	0.00139908	-0.000497442	0.0235463
W280	W280	0.012552	0.146871	-0.0147523	0.00221033	-0.0122736	-0.00797554	-0.0028664	-0.0291645
W281	W281	-0.0621484	-0.00423418	-0.0415242	-0.00203481	0.0247931	0.00618372	0.00955848	0.00345524
W282	W282	0.0285674	-0.013152	-0.00813391	-0.00529371	0.0101892	0.0141445	0.101203	0.103236
W283	W283	-0.0686228	-0.0121858	-0.0721255	0.000930171	-0.000928961	0.0015651	0.0063751	0.00575852
W284	W284	-0.0528212	-0.00225908	0.10171	-0.00469236	-0.0432364	0.00430129	0.00142725	0.00977719
W285	W285	-0.0542132	-0.00317998	0.102157	-0.00735564	-0.0458275	0.00231924	-0.000449412	-0.00272767
W286	W286	0.0173844	0.138256	-0.0123363	0.000170502	-0.0250917	0.00516818	-0.00557793	-5.68005e-05
W287	W287	0.0143585	0.143194	-0.0151468	-0.0105936	-0.0379318	0.00618084	-0.00591332	0.0125502
W288	W288	-0.0569434	-0.00380958	0.127429	-0.00849394	-0.0431776	0.000696942	-0.00762913	-0.00339649
W289	W289	0.0307595	-0.0187042	-0.000909737	0.106764	-0.00602126	-0.030915	-0.085101	0.0393083
W290	W290	-0.0692152	-0.0131638	-0.0742753	0.00148616	-0.0219211	-0.000692915	-0.000778821	-0.00621616
W291	W291	0.0297325	-0.0048287	-0.0021034	0.0802534	0.0027762	-0.0157486	0.00825302	-0.147883
W292	W292	0.0130269	0.14486	-0.0149872	-0.00145925	-0.00788126	-0.0119782	0.00172159	-0.0160658
W293	W293	0.033243	-0.021224	-0.00299649	0.0769945	-0.00301424	-0.024488	-0.0658327	0.000208671
W294	W294	-0.00805604	-0.0059199	0.0415729	0.0347512	-0.0259066	-0.0118352	0.00762015	-0.0520402
W295	W295	0.0316761	-0.0132092	-0.000905891	0.0818223	-0.00222864	-0.00221719	0.00339611	-0.140079
W296	W296	0.0160916	0.1208	-0.0100015	-0.0144345	-0.0271439	0.012191	-0.0085231	0.0357919
W297	W297	0.0163841	0.122503	-0.00867587	-0.0133262	-0.0239675	0.00718509	-0.013389	0.027199
W298	W298	0.0296977	-0.00518298	-0.0025213	0.0802626	0.00213608	-0.0167287	0.00583823	-0.142279
W299	W299	0.0297218	-0.0146883	0.000580568	0.00262488	0.00673213	0.00933316	-0.0133645	0.036831
W300	W300	-0.0539072	-0.00339021	0.101424	-0.00193722	-0.0438191	-0.00328748	-0.000509503	0.0016591
W301	W301	0.031883	-0.0141281	-0.00119187	0.0877276	-0.00297249	-0.00953473	-0.00764363	-0.134069
W302	W302	-0.0476382	-0.00400774	0.076941	-0.00894072	-0.0226861	0.00585617	0.002978	0.00649667
W303	W303	-0.05567	-0.00507458	0.133366	-0.0132577	-0.0457122	-0.00208978	-0.00177754	-0.0106979
W304	W304	-0.0213942	-0.00427165	0.0567433	0.0318052	-0.0301985	-0.00679187	0.00133548	-0.00276224
W305	W305	-0.0692422	-0.0132413	-0.0730345	0.0026086	-0.0205953	0.000657904	-0.00177111	-0.00531951
W306	W306	-0.0107136	0.031634	0.0326016	0.0153826	0.178768	-0.0194853	-0.00682177	0.00825588
W307	W307	0.0289512	-0.00936718	-0.00116068	0.0858576	-0.0109719	-0.0116789	-0.000651627	-0.131298
W308	W308	0.0304195	-0.0140436	0.000363719	0.0771654	-0.00591843	-0.00940359	0.0188964	-0.0848535
W309	W309	0.0307741	-0.0161251	0.0022108	0.0715895	-0.00209696	-0.00367815	0.0177443	-0.0371022
W310	W310	0.0319176	-0.0103096	-0.00171041	0.0878176	-0.00551282	-0.01009	0.0231079	-0.0403994
W311	W311	0.0326511	-0.0164565	-0.0013986	0.0672331	-2.62875e-06	-0.0134579	-0.0361471	0.0150574
W312	W312	0.0318878	-0.00977799	0.000584214	0.0855465	-0.00605633	0.00510248	0.019344	-0.0974515
W313	W313	0.0305905	-0.0124877	0.000271849	0.0759442	-0.0078773	-0.00708671	-0.0136072	-0.0856436
W314	W314	0.0315213	-0.0118218	0.000808196	0.0769868	-0.00296308	0.00638241	0.0257484	-0.0502984
W315	W315	0.0319947	-0.010186	0.000519385	0.0842467	-0.00436921	0.00621682	0.0212427	-0.0965752
W316	W316	0.025766	-0.00898959	0.00303609	0.0588947	3.20175e-05	0.0033206	-0.0273306	-0.0318953
W317	W317	0.0322804	-0.0098081	0.000991967	0.0830136	-0.00521913	0.00677471	0.0132485	-0.102631
W318	W318	0.0278142	-0.0170404	-0.0072514	-0.0506187	0.00149386	0.0480997	-0.0196358	-0.0218901
W319	W319	-0.0661393	-0.0112961	-0.0474489	0.000550279	-0.00459156	0.00416565	0.00139708	-0.00616209
W320	W320	0.0316058	-0.0130808	-0.000825659	-0.00805729	0.00201058	0.0336891	0.0589692	-0.0349754
W321	W321	0.0316905	-0.0135187	0.00248639	0.00682132	-0.00511544	0.018454	0.109719	0.0529139
W322	W322	0.0254431	-0.0210298	-0.00422068	-0.000712514	-0.00059858	-0.0057627	-0.0645429	0.0663764
W323	W323	-0.0605261	-0.00676684	0.0296116	-0.00119995	0.0022193	-0.000851298	0.00272699	-0.00050563
W324	W324	-0.0628349	-0.00848048	0.00327841	-0.00094549	0.00130267	0.00449977	0.000700898	-0.00369594
W325	W325	-0.0648879	-0.0115686	-0.045828	-0.000951167	-0.00844335	0.00443371	0.00263495	-0.0050075
W326	W326	-0.0628574	-0.00849768	0.00298017	-0.0010396	0.00110172	0.00426299	0.000751967	-0.00371612
W327	W327	-0.0684535	-0.012686	-0.0736762	0.00215118	-0.00338309	0.00211899	0.00496523	0.00191196
W328	W328	-0.0288349	-0.0149542	-0.0427691	-0.0183313	0.0137809	0.0121773	-0.0273097	0.0334682
W329	W329	-0.0454434	-0.00837862	0.0908288	-0.00762726	-0.0340316	0.00564173	-0.00123434	-0.00919951
W330	W330	0.0169403	0.139644	-0.0151414	-0.00446566	-0.0163327	-0.00316768	0.00508537	-0.0147879
B01	B01	0.0258891	-0.0186183	-0.0038473	-0.0284923	-0.000225211	-0.0460295	-0.00483561	-0.014283
B02	B02	-0.0498973	-0.0130231	-0.0468425	-0.00462682	-0.014126	-0.0181374	-0.00177345	-0.00457478
B03	B03	-0.0323571	-0.0139396	-0.0376634	-0.00945808	-0.00535938	-0.0358764	-0.00809089	-0.00664107
B04	B04	0.0293345	-0.0206422	-0.00555956	-0.0497425	-0.00148506	-0.0437646	0.00304607	-0.0352274
B05	B05	0.0303146	-0.0204929	-0.0045316	-0.0757227	-0.00594735	-0.179122	0.05199	-0.0379555
B06	B06	0.0289406	-0.019655	-0.00405385	-0.0382612	-0.00225854	-0.109729	-0.0053392	0.00291636
B07	B07	0.0301757	-0.021606	-0.00532052	-0.063806	-0.00591119	-0.152907	0.00121636	-0.0118092
B08	B08	0.0304966	-0.0203813	-0.00467463	-0.0784297	-0.00597252	-0.173831	0.0510319	-0.0388479
B09	B09	0.0303764	-0.0204342	-0.00451381	-0.0775509	-0.00610283	-0.176849	0.0508685	-0.0385761
B10	B10	0.0303924	-0.0203694	-0.00471692	-0.0765506	-0.00594598	-0.174339	0.0491073	-0.0366873
B11	B11	0.0302139	-0.0204629	-0.00463124	-0.0784202	-0.00616012	-0.178396	0.0492953	-0.0381896
B12	B12	0.0283322	-0.0198747	-0.00539385	-0.0532289	-0.00466736	-0.114707	-0.0072434	0.0167921
B13	B13	0.0303056	-0.0205807	-0.00462315	-0.0787346	-0.00618847	-0.17933	0.0526905	-0.0393556
B14	B14	0.0304615	-0.0204452	-0.00457932	-0.0769705	-0.00597968	-0.176152	0.0509166	-0.0367512
B15	B15	0.0302077	-0.0204019	-0.00430845	-0.0665363	-0.00482704	-0.162845	0.0219941	-0.0224496
B16	B16	0.0292568	-0.0189343	-0.00376353	-0.0507206	-0.00291959	-0.114306	0.0201521	-0.000749718
B17	B17	0.0305802	-0.021062	-0.00687306	-0.0586645	-0.00406512	-0.142975	-0.0124994	-0.00597188
B18	B18	0.0302009	-0.0210523	-0.00754653	-0.0563328	-0.00338228	-0.141241	-0.0174131	0.00123816
B19	B19	0.0300536	-0.0212621	-0.00709471	-0.0607901	-0.00559721	-0.171953	0.00922724	-0.0132754
B20	B20	0.0294767	-0.0209139	-0.00583735	-0.0685584	-0.00542089	-0.174723	0.0213664	-0.0206972
B21	B21	0.0299305	-0.0214584	-0.00649498	-0.0592304	-0.00449683	-0.137658	-0.0103208	0.0032265
B22	B22	0.0298851	-0.0210013	-0.00472829	-0.0704643	-0.00483718	-0.17251	0.0190318	-0.0137348
B23	B23	0.0304653	-0.0203752	-0.00419371	-0.0327193	-0.00210086	-0.0484202	-0.0249786	0.0272872
B24	B24	0.0300334	-0.0205619	-0.00534158	-0.0660296	-0.00391894	-0.110217	-0.00901451	-0.000377255
B25	B25	0.0298637	-0.0202314	-0.00432097	-0.0627728	-0.00597598	-0.139384	0.0348117	-0.0106443
B26	B26	0.0302937	-0.0204687	-0.00474411	-0.0793108	-0.00592065	-0.178821	0.0519496	-0.0400069
B27	B27	0.02942	-0.0204897	-0.00599751	-0.0595492	-0.00290226	-0.141086	-0.00298972	0.00414251
B28	B28	0.0257826	-0.019242	-0.00446308	-0.0157122	-0.00228393	-0.076655	-0.00883655	-0.00496787
B29	B29	0.028521	-0.0201314	-0.00580633	-0.0317737	-0.00362849	-0.0945387	-0.00811455	0.0169082
B30	B30	0.0303142	-0.02037	-0.00416477	-0.0612992	-0.00590446	-0.140932	0.0285565	-0.0138021
B31	B31	0.0281994	-0.0202067	-0.00611642	-0.0247458	-0.00576218	-0.104751	-0.0204167	0.0191526
B32	B32	0.0299375	-0.0204526	-0.00405846	-0.0414824	-0.0018817	-0.045381	-0.0309886	0.0206892
B33	B33	0.0294169	-0.0201435	-0.00461106	-0.0597619	-0.00327569	-0.107791	0.0032297	-0.00264467
B34	B34	0.0300341	-0.020916	-0.00604841	-0.0294553	-0.00163003	-0.0675247	-0.044272	0.0310386
B35	B35	0.0295908	-0.0205117	-0.00607263	-0.0600439	-0.00288856	-0.133464	-0.00818821	0.0097004
B36	B36	0.0299074	-0.020228	-0.00456742	-0.0557039	-0.00460911	-0.102269	-0.0116241	0.0094218
B37	B37	0.0305209	-0.021087	-0.00600805	-0.0614881	-0.00564196	-0.161945	-0.00137423	-0.0097153
B38	B38	0.0299904	-0.0205549	-0.00526467	-0.0667731	-0.00432087	-0.115566	-0.0104075	0.00543479
B39	B39	0.0308553	-0.0216005	-0.00515336	-0.0667981	-0.00469229	-0.0901754	-0.00654926	-0.013774
B40	B40	0.0291632	-0.0185828	-0.00391849	-0.0359398	-0.00163985	-0.0770434	-0.00341428	0.00319981
B41	B41	0.0274097	-0.019037	-0.00758248	-0.0664869	-0.000906095	-0.0775038	0.00695005	-0.0363296
B43	B43	-0.0424755	-0.0126978	-0.0324111	-0.00878798	-0.00544859	-0.0250298	-0.00346625	-0.00245267
B44	B44	0.0270507	-0.0202558	-0.00505913	-0.0214431	-0.00421745	-0.0700158	-0.00723853	0.0010022
B45	B45	0.023878	-0.0171792	-0.0023421	0.00693588	-0.00944892	-0.0554019	-0.055883	0.0497302
HS	HS	0.0279674	-0.0206192	-0.00730386	-0.0393054	-0.00305628	-0.0800171	-0.0104974	-0.0277997
